00100001000100000000000000010000
00100001000100010000000000000100
00100001000100100000000000010000
00000010000100010100000000100000
00000010000100010100100000100010
10101100000010000000000000000000
10101100000010010000000000000001
00010010000100100000000000000100
00100010000010000000000000010000
10101100000010000000000000000010
00001000000000000000000000001100
00000010000100010101000000011000
00000010000100100100000000100000
10101100000010000000000000000011
00010110001100100000000000000100
10001100011100110000000000000000
00000001010100110100000000100000
00001000000000000000000000010011
00000001010100010100000000011010
00000010000100100101100000100100
00000010000100010110000000100101
00001100000000000000000000011010
00000010001100000100100000101010
00000000000100010101100001000000
10001100011100110000000000000000
00001000000000000000000000011101
00000001011011000100000000100000
00000001011011000100100000100010
00000011111000000000000000001000
10101100000010010000000000000010